1 0.816393 0.109
2 0.838347 0.141
3 0.820884 0.203
4 0.819917 0.25
5 0.816825 0.141
6 0.881478 0.172
7 0.830741 0.203
8 0.879258 0.156
9 0.791553 0.141
10 0.873272 0.219
11 0.808931 0.109
12 0.879863 0.109
13 0.845451 0.297
14 0.805914 0.109
15 0.808926 0.141
16 0.836545 0.203
17 0.84174 0.141
18 0.817374 0.109
19 0.856342 0.171
20 0.868754 0.157
21 0.792987 0.109
22 0.797819 0.125
23 0.861059 0.14
24 0.765914 0.11
25 0.83003 0.188
26 0.88101 0.219
27 0.839595 0.125
28 0.769025 0.14
29 0.878211 0.188
30 0.855714 0.25
31 0.742413 0.172
32 0.843363 0.172
33 0.803232 0.141
34 0.853873 0.188
35 0.848232 0.171
36 0.870766 0.125
37 0.871284 0.125
38 0.853861 0.14
39 0.887836 0.344
40 0.844976 0.11
41 0.794891 0.11
42 0.817039 0.203
43 0.828026 0.141
44 0.762268 0.156
45 0.834158 0.203
46 0.838192 0.125
47 0.758259 0.187
48 0.896673 0.172
49 0.849062 0.11
50 0.879208 0.188
51 0.916791 0.188
52 0.883127 0.125
53 0.808143 0.171
54 0.801349 0.188
55 0.834898 0.141
56 0.874032 0.219
57 0.794492 0.187
58 0.927599 0.14
59 0.782972 0.25
60 0.878388 0.156
61 0.809587 0.125
62 0.817367 0.141
63 0.873834 0.14
64 0.860474 0.141
65 0.906402 0.235
66 0.865795 0.172
67 0.815889 0.234
68 0.861282 0.156
69 0.801153 0.188
70 0.791998 0.157
71 0.837385 0.141
72 0.796219 0.109
73 0.830674 0.172
74 0.85823 0.156
75 0.84006 0.203
76 0.885946 0.25
77 0.826418 0.265
78 0.842326 0.25
79 0.825183 0.266
80 0.839738 0.141
81 0.876805 0.11
82 0.840901 0.187
83 0.831353 0.156
84 0.825685 0.093
85 0.844958 0.266
86 0.85887 0.203
87 0.833943 0.109
88 0.804807 0.172
89 0.738158 0.125
90 0.816792 0.11
91 0.828852 0.203
92 0.79124 0.109
93 0.823285 0.109
94 0.8518 0.203
95 0.893901 0.187
96 0.849158 0.265
97 0.845295 0.219
98 0.835128 0.172
99 0.837344 0.219
100 0.839133 0.172
avg: 0.836426 0.16954
